0.00166255	0.00171055	0.66820397	-0.63572049
0.00163783	0.00179543	0.68264449	-0.63563636
0.00171914	0.00174419	0.66709496	-0.63910126
0.00166401	0.00181527	0.67144331	-0.63266333
0.00161971	0.00170128	0.65860887	-0.66254953
0.00161746	0.00177590	0.66271328	-0.63810488
0.00161013	0.00168001	0.67520471	-0.66163001
0.00165528	0.00177664	0.66389662	-0.63370914
0.00160302	0.00163982	0.67175906	-0.65819926
0.00160031	0.00169652	0.67643568	-0.65971695
0.00159235	0.00164675	0.66534551	-0.67339830
0.00163478	0.00172332	0.68043045	-0.65237634
0.00159708	0.00162545	0.67237438	-0.66626703
0.00159529	0.00167329	0.67237455	-0.65965495
0.00159028	0.00158527	0.67284135	-0.67610381
0.00161679	0.00166555	0.68329388	-0.65772556
0.00162701	0.00164296	0.66654780	-0.61579357
0.00162644	0.00171931	0.65130677	-0.62853954
0.00161099	0.00165638	0.65947038	-0.64418879
0.00159614	0.00172519	0.66248729	-0.63757763
0.00160811	0.00167260	0.65029567	-0.63069177
0.00163005	0.00173957	0.66163126	-0.63209870
0.00163142	0.00168753	0.65937635	-0.62882390
0.00000000	0.00000000	0.00000000	0.00000000
0.00167003	0.00168235	0.64524313	-0.66332056
0.00165947	0.00171951	0.66247534	-0.64579487
0.00166022	0.00164930	0.66859291	-0.63854234
0.00166450	0.00177299	0.65777574	-0.63704815
0.00166486	0.00165622	0.65665412	-0.64095100
0.00169266	0.00175680	0.65225773	-0.61487386
0.00165216	0.00167413	0.64053377	-0.65278776
0.00163272	0.00173490	0.64636712	-0.62214882
0.00190311	0.00188780	0.63798704	-0.59779381
0.00190906	0.00196258	0.64856024	-0.59555279
0.00191949	0.00193174	0.62346412	-0.62378233
0.00193835	0.00205180	0.64557721	-0.58948904
0.00000000	0.00000000	0.00000000	0.00000000
0.00000000	0.00000000	0.00000000	0.00000000
0.00000000	0.00000000	0.00000000	0.00000000
0.00000000	0.00000000	0.00000000	0.00000000
0.00212677	0.00220717	0.64002620	-0.56533886
0.00206864	0.00210213	0.61827295	-0.59851102
0.00199326	0.00208343	0.63194121	-0.59854612
0.00208789	0.00218859	0.64571410	-0.57948749
0.00205003	0.00203818	0.61860676	-0.61123199
0.00202028	0.00207875	0.63263698	-0.59038408
0.00208260	0.00209379	0.60759786	-0.60063250
0.00202909	0.00212559	0.62385149	-0.60139268
0.00164180	0.00170831	0.64733237	-0.62539780
0.00160227	0.00169094	0.66744537	-0.63455792
0.00165358	0.00165676	0.67311875	-0.62282858
0.00163218	0.00178102	0.65463047	-0.62793908
0.00164653	0.00165909	0.66151288	-0.64478365
0.00161180	0.00168646	0.67129559	-0.62559656
0.00164204	0.00165378	0.66554942	-0.62880467
0.00160554	0.00173715	0.65827051	-0.63595943
0.00164186	0.00168798	0.65644564	-0.62363879
0.00161506	0.00171725	0.66674173	-0.64636044
0.00165223	0.00167212	0.65558521	-0.63769084
0.00167335	0.00176948	0.64969802	-0.61572098
0.00164202	0.00165585	0.65123425	-0.62486186
0.00164676	0.00173166	0.66402524	-0.63712603
0.00165372	0.00171292	0.63353351	-0.65458667
0.00167051	0.00176690	0.65661245	-0.62302952
0.00162171	0.00162680	0.59718265	-0.64048880
0.00161697	0.00170646	0.65070936	-0.64497300
0.00164177	0.00162672	0.66152925	-0.64076906
0.00160544	0.00171172	0.63918258	-0.61971465
0.00161926	0.00166763	0.63914899	-0.64323377
0.00156882	0.00167276	0.66519482	-0.65231690
0.00157036	0.00163894	0.64282034	-0.65223937
0.00156144	0.00167985	0.67036144	-0.63122499
0.00158119	0.00162418	0.66116170	-0.66172944
0.00157610	0.00165089	0.66100143	-0.66846163
0.00156437	0.00160215	0.66638777	-0.67166465
0.00158942	0.00169708	0.65864416	-0.67005244
0.00158297	0.00158710	0.67402597	-0.67231299
0.00157434	0.00164179	0.68082779	-0.65148067
0.00000000	0.00000000	0.00000000	0.00000000
0.00154262	0.00165290	0.67073305	-0.65021244
0.00158594	0.00161897	0.66114705	-0.65808025
0.00158983	0.00165083	0.66392499	-0.65427290
0.00159304	0.00160553	0.65509218	-0.64983409
0.00157172	0.00166386	0.67036920	-0.65135212
0.00155540	0.00156597	0.66204561	-0.64370176
0.00158380	0.00164825	0.64843756	-0.63903188
0.00158455	0.00160693	0.66560821	-0.62321877
0.00159934	0.00167697	0.65545140	-0.64774512
0.00158611	0.00172093	0.64787136	-0.64268944
0.00160341	0.00172735	0.66400120	-0.62651624
0.00161435	0.00167363	0.65426020	-0.65357164
0.00160954	0.00179846	0.65090742	-0.62272792
0.00164148	0.00175663	0.66722103	-0.61225220
0.00161220	0.00171138	0.68410395	-0.60267445
0.00157441	0.00170112	0.64026765	-0.62492660
0.00000000	0.00000000	0.00000000	0.00000000
0.00161099	0.00160453	0.64924330	-0.67126678
0.00157694	0.00168691	0.65925654	-0.66095890
0.00158853	0.00160385	0.66051398	-0.67477684
0.00156479	0.00164993	0.66934410	-0.65832766
0.00157735	0.00159839	0.66622346	-0.67126520
0.00158584	0.00163868	0.67038757	-0.67325847
0.00155749	0.00158410	0.66125995	-0.66734389
0.00155426	0.00164481	0.65667984	-0.66307530
0.00161412	0.00158961	0.67797274	-0.66607884
0.00156685	0.00158681	0.68388557	-0.67309923
0.00156341	0.00152703	0.68641536	-0.66857072
0.00157533	0.00163610	0.68459581	-0.66409151
0.00158315	0.00156081	0.68400615	-0.66449586
0.00154285	0.00161700	0.68029379	-0.66597193
0.00157323	0.00155589	0.67900864	-0.65769451
0.00159761	0.00163894	0.67831082	-0.65811963
0.00156497	0.00162444	0.65157849	-0.64364520
0.00157430	0.00163655	0.65971683	-0.63489753
0.00158977	0.00160016	0.65077333	-0.64524527
0.00159378	0.00166451	0.66737728	-0.63954889
0.00157830	0.00160744	0.64836269	-0.65383470
0.00000000	0.00000000	0.00000000	0.00000000
0.00158841	0.00162367	0.64847134	-0.65130511
0.00159905	0.00168521	0.66182808	-0.65195185
0.00000000	0.00000000	0.00000000	0.00000000
0.00000000	0.00000000	0.00000000	0.00000000
0.00000000	0.00000000	0.00000000	0.00000000
0.00000000	0.00000000	0.00000000	0.00000000
0.00169850	0.00168821	0.64108569	-0.56329462
0.00164888	0.00170058	0.65079307	-0.58854313
0.00167242	0.00163389	0.65518301	-0.61772574
0.00159691	0.00169880	0.65554245	-0.61289647
0.00158396	0.00162939	0.65961942	-0.65871313
0.00155382	0.00163722	0.67918615	-0.66591166
0.00156244	0.00160109	0.65905105	-0.66341248
0.00158931	0.00171015	0.68366100	-0.65444179
0.00154275	0.00160578	0.64037938	-0.68692716
0.00154041	0.00162915	0.67606999	-0.66640604
0.00154566	0.00156433	0.68533976	-0.67335132
0.00154047	0.00163063	0.67012334	-0.67149454
0.00155404	0.00156749	0.69228530	-0.67151961
0.00151433	0.00161481	0.68820980	-0.67197881
0.00154534	0.00156409	0.68195346	-0.67772028
0.00153738	0.00164107	0.68641872	-0.66895484
0.00154648	0.00157451	0.68121692	-0.67901931
0.00153676	0.00160682	0.68521136	-0.67005413
0.00155006	0.00155458	0.68174363	-0.66974263
0.00154802	0.00165333	0.67375163	-0.67511931
0.00157834	0.00163153	0.65672847	-0.66581647
0.00155393	0.00165681	0.67420146	-0.64889717
0.00156103	0.00158814	0.66114481	-0.65855814
0.00155822	0.00170804	0.65686509	-0.64795500
0.00158474	0.00162181	0.66882382	-0.64204647
0.00159690	0.00167806	0.66200826	-0.63589391
0.00162464	0.00162960	0.65819015	-0.64554343
0.00165567	0.00174657	0.65722728	-0.63326350
0.00163186	0.00167949	0.63647327	-0.64787770
0.00157160	0.00167338	0.64778156	-0.64534954
0.00163550	0.00164117	0.64962763	-0.63675825
0.00160939	0.00172818	0.66015349	-0.62181346
0.00160301	0.00162452	0.64788354	-0.63199435
0.00160304	0.00172297	0.65245532	-0.61780640
0.00158095	0.00163640	0.65262405	-0.64616645
0.00155524	0.00168637	0.66045757	-0.63756347
0.00000000	0.00000000	0.00000000	0.00000000
0.00000000	0.00000000	0.00000000	0.00000000
0.00000000	0.00000000	0.00000000	0.00000000
0.00159122	0.00166495	0.66394347	-0.63192809
0.00158448	0.00159401	0.67805133	-0.63785297
0.00154630	0.00158057	0.68862690	-0.65711424
0.00156131	0.00156263	0.68301630	-0.66640632
0.00154164	0.00161382	0.66653487	-0.64400932
0.00156702	0.00159989	0.67387364	-0.65120421
0.00162311	0.00170145	0.67216046	-0.62290183
0.00159013	0.00161435	0.65650254	-0.64629577
0.00156090	0.00166864	0.65835624	-0.64134641
0.00158996	0.00161161	0.65871318	-0.64702769
0.00152864	0.00162862	0.65733466	-0.65155061
0.00154222	0.00156847	0.66529266	-0.65182891
0.00155790	0.00163223	0.66837077	-0.64267862
0.00155963	0.00162742	0.65860273	-0.65801438
0.00154297	0.00164738	0.65837375	-0.65867958
0.00155075	0.00159080	0.66391057	-0.65425750
0.00156130	0.00165795	0.66702164	-0.63719902
0.00156432	0.00156682	0.65541513	-0.65310534
0.00155782	0.00164783	0.65798158	-0.64686121
0.00157599	0.00160071	0.66711658	-0.65348864
0.00156314	0.00166992	0.66664425	-0.64227900
0.00159997	0.00161326	0.66841699	-0.63877715
0.00162238	0.00168313	0.67265755	-0.64425387
0.00161261	0.00158184	0.66778893	-0.62625568
0.00170796	0.00175030	0.66905791	-0.58099681
0.00158795	0.00158104	0.66844503	-0.64240551
0.00157712	0.00161421	0.65048667	-0.64378501
0.00161785	0.00155540	0.66093079	-0.64025622
0.00164955	0.00166472	0.68576876	-0.61623956
0.00164433	0.00157722	0.67304881	-0.62817503
0.00161160	0.00161816	0.68332676	-0.61937173
0.00159957	0.00154532	0.65427749	-0.64798319
0.00159446	0.00162751	0.66892244	-0.64230393
0.00160542	0.00159534	0.66163123	-0.64504819
0.00155140	0.00162800	0.65023394	-0.64114315
0.00157938	0.00154446	0.67857611	-0.63568641
0.00157581	0.00159426	0.67633712	-0.64390064
0.00169732	0.00166204	0.65407378	-0.66698533
0.00161681	0.00164282	0.67058898	-0.65944442
0.00160137	0.00155786	0.64865310	-0.66966242
0.00163339	0.00171188	0.65462938	-0.64219267
0.00160693	0.00158857	0.64565689	-0.66290261
0.00160058	0.00164183	0.65596364	-0.65633458
0.00166703	0.00161534	0.64678282	-0.64856084
0.00162045	0.00164673	0.66722754	-0.63451931
0.00168159	0.00165289	0.62386671	-0.67326250
0.00160744	0.00164324	0.66112348	-0.61250073
0.00163335	0.00159413	0.63762775	-0.66906607
0.00168491	0.00170422	0.65129214	-0.62026488
0.00165575	0.00162983	0.64889004	-0.64450067
0.00164047	0.00163861	0.66696434	-0.63102131
0.00163765	0.00161664	0.66577012	-0.65604636
0.00163867	0.00173741	0.67169446	-0.60458981
0.00160756	0.00158872	0.64629748	-0.66847156
0.00159032	0.00158992	0.65656902	-0.66700010
0.00161331	0.00154162	0.65601393	-0.66927145
0.00160408	0.00163435	0.68609232	-0.62768253
0.00164292	0.00155184	0.66573843	-0.66036235
0.00160723	0.00158133	0.66519447	-0.65899649
0.00159789	0.00154857	0.67295310	-0.65982569
0.00159043	0.00159186	0.68516784	-0.65975435
0.00162754	0.00159193	0.69361291	-0.63665273
0.00158423	0.00158903	0.67485689	-0.66021102
0.00160999	0.00154536	0.65086946	-0.66350744
0.00160336	0.00159799	0.66823861	-0.65398874
0.00160806	0.00154612	0.65628346	-0.67418976
0.00158536	0.00159312	0.67202522	-0.65520119
0.00161136	0.00154859	0.66720637	-0.65046662
0.00165465	0.00164453	0.65628424	-0.63675545
0.00165949	0.00162368	0.65278273	-0.63136608
0.00164869	0.00168453	0.65056999	-0.61106892
0.00165269	0.00165120	0.64129569	-0.62264566
0.00168855	0.00171040	0.64875862	-0.61510021
0.00161437	0.00166913	0.64901606	-0.62714629
0.00000000	0.00000000	0.00000000	0.00000000
0.00000000	0.00000000	0.00000000	0.00000000
0.00000000	0.00000000	0.00000000	0.00000000
